# MCMC runs generated by Metropolis Hastings Algorithm 
# Corey Chivers 2012 - McGill University 
#
# Generated on: 17 1, 113 at 15:16
# seeds:
# 1.27|1.48|4.89e-05|0.00105|
# proposal widths:
# 0.05|0|0|0|
# 0|0.05|0|0|
# 0|0|1e-06|0|
# 0|0|0|1e-05|
# 
# burn-in: 1
# thin: 1
#
#

Proposal covariance matrix update 1:

 | 0.060497 | 0.0319646 | 7.98921e-05 | 0.00011645 | 
 | 0.0319646 | 0.037346 | 3.30351e-05 | 0.000132071 | 
 | 7.98921e-05 | 3.30351e-05 | 7.66595e-07 | 1.91953e-07 | 
 | 0.00011645 | 0.000132071 | 1.91953e-07 | 6.44634e-07 | 

Proposal covariance matrix update 2:

 | 0.0642069 | 0.00815776 | -4.64366e-05 | 4.57012e-05 | 
 | 0.00815776 | 0.0300845 | 0.000106491 | 0.00010995 | 
 | -4.64366e-05 | 0.000106491 | 2.92482e-06 | 3.26092e-07 | 
 | 4.57012e-05 | 0.00010995 | 3.26092e-07 | 5.42925e-07 | 

Proposal covariance matrix update 3:

 | 0.0831106 | 0.00215182 | 5.41698e-05 | 3.39341e-05 | 
 | 0.00215182 | 0.0521545 | 0.00069713 | 0.000194555 | 
 | 5.41698e-05 | 0.00069713 | 2.17665e-05 | 2.26837e-06 | 
 | 3.39341e-05 | 0.000194555 | 2.26837e-06 | 9.88346e-07 | 

Proposal covariance matrix update 4:

 | 0.0695612 | -0.00616318 | -0.000192029 | 3.08146e-05 | 
 | -0.00616318 | 0.0352533 | 0.00118809 | 9.93167e-05 | 
 | -0.000192029 | 0.00118809 | 5.61317e-05 | 2.58711e-06 | 
 | 3.08146e-05 | 9.93167e-05 | 2.58711e-06 | 5.88471e-07 | 
