0,0.0122283,0.115956,0.00203443,0.0130047,0.00467057,0.0780919,0.00888843,0.101421,0.0914849,0.00890805,0.0262181,0.00596358,0.0569061,0.00461388,0.109284,0.038657,0.0519507,0.167833,0.0488612,0.399366,0.0106305,0.00405802,0.0423687,0.1009,0.0250428,0.0157942,0.0413513,0.00358699,0.0933551,0.102302,0.0486598,0.00619529,0.0306073,0.00482123,0.0138172,0.018546,0.0165513,0.052089,0.00548414,0.00336668,0.0114655,0.0410888,0.0484185,0.177012,0.0568077,0.0294116,0.0113565,0.0174767,0.0203708,0.0299068,0.0206488,0.0038944,0.14733,0.00808151,0.014475,0.0330881,0.123277,0.186365,0.0106605,0.0170506,0.00976658,0.101211,0.0123706,0.00691148,0.00577391,0.00997689,0.00884259,0.0394011,0.00688828,0.417852,0.165402,0.00921599,0.0159684,0.0353013,0.00841667,0.018766,0.0333861,0.0439228,0.00591756,0.00812876,0.0229718,0.00243388,0.00701043,0.024977,0.0419332,0.00510936,0.0585144,3.10668,0.00503883,0.0233915,0.00806402,19.5244,0.00532337,0.115021,0.00581081,0.437463,0.0106735,0.141792,0.0228583,0.00322372,0.00644829,0.097064,0.133306,0.00389119,0.0281035,0.0738791,0.158377,0.0628557,0.0386571,0.0359062,0.00767595,0.0128785,0.0106114,0.0264386,0.0801338,0.0525613,0.00385865,0.0206192,0.0279704,0.00619544,0.0579866,0.0378604,0.0465866,0.00449408,0.0422065,0.0189423,0.0146352,0.0291866,0.0100867,0.027311,0.0047445,0.00960123,0.00562526,0.125162,0.003207,0.0150925,0.0838066,0.00474766,0.616818,0.0182435,0.0256389,0.00477195,0.0154603,0.00789938,0.158503,0.00688584,0.00255757,0.0590746,0.229908,
0.0122283,0,0.00272115,7.36679e-05,0.000355632,0.000134728,0.00204332,0.00024674,0.00248269,0.00203908,0.000268826,0.000723629,0.000188283,0.00114437,0.000169519,0.00393617,0.00129494,0.00179017,0.00413448,0.00127767,0.0131357,0.000489952,0.00015021,0.0013844,0.00303512,0.000832798,0.000574874,0.00150042,9.40305e-05,0.00291331,0.00213258,0.00155624,0.000206399,0.00084103,0.000111816,0.000352056,0.000519775,0.000381872,0.00155921,0.000183721,0.000104855,0.000452751,0.00149041,0.00108204,0.00615428,0.00126405,0.000643374,0.000269532,0.000422934,0.000629438,0.00109863,0.000459106,0.000134735,0.00666139,0.00028787,0.000472153,0.000914463,0.00472071,0.00411986,0.000334682,0.000508554,0.0003394,0.00406496,0.000384173,0.000184618,0.000155028,0.000483754,0.000217876,0.00100945,0.000212026,0.0118738,0.00415942,0.000227486,0.000549217,0.000769905,0.000316652,0.000580801,0.000856406,0.00106659,0.000174326,0.000181717,0.000828901,8.66422e-05,0.000244641,0.00101244,0.00124169,0.000220837,0.00215355,0.122444,0.000198808,0.000934024,0.000344745,0.560136,0.000195195,0.00378433,0.000208476,0.016371,0.000385879,0.00297807,0.000760537,0.000110569,0.00020341,0.0035796,0.00284324,0.000158136,0.000892593,0.0021818,0.00342181,0.0016215,0.00134698,0.000854656,0.000270315,0.000419864,0.000345713,0.000662527,0.00342179,0.00180284,0.000128831,0.000703757,0.000652063,0.000167584,0.00123952,0.00084757,0.00134781,0.00014648,0.0011803,0.00076425,0.000486853,0.00060966,0.000438922,0.000759417,0.000146812,0.000352035,0.000187703,0.00334105,0.000110134,0.000715972,0.00239484,0.000141402,0.0131552,0.000416382,0.000774706,0.000173487,0.000446007,0.000177513,0.00528345,0.000257958,8.74255e-05,0.00186478,0.00687591,
0.115956,0.00272115,0,0.000457783,0.00295009,0.00106992,0.0181383,0.00205203,0.0219392,0.019834,0.00196562,0.00605897,0.0013292,0.0137519,0.00103739,0.024615,0.00865896,0.0116012,0.0391221,0.0105962,0.0888892,0.00241119,0.000913071,0.00939353,0.022683,0.00557994,0.00359269,0.00926686,0.000778766,0.0206704,0.021214,0.0108289,0.00137987,0.00669799,0.00106834,0.00321979,0.00405198,0.00379232,0.0119597,0.00122769,0.000749929,0.00257893,0.00923327,0.0103385,0.0396997,0.0123002,0.00694317,0.00242313,0.00370602,0.0045134,0.00677354,0.00444516,0.000874168,0.0333898,0.00182121,0.00323568,0.00724592,0.0277895,0.0397172,0.00236948,0.00391358,0.00219033,0.0228325,0.00275651,0.00160236,0.00125225,0.0022671,0.00200534,0.00882115,0.00153504,0.095533,0.0354089,0.00197504,0.0035646,0.00834247,0.00189569,0.00417611,0.00717601,0.00931515,0.00130819,0.00176731,0.00517053,0.000547914,0.00156651,0.00563667,0.00924516,0.00115559,0.0133237,0.698636,0.00113814,0.0053247,0.00182201,4.27891,0.0011956,0.0256902,0.00130081,0.0984725,0.00240431,0.0293608,0.0051003,0.000719654,0.00144529,0.0217958,0.0315966,0.000877403,0.00626088,0.0162603,0.0331351,0.0141049,0.00865865,0.00762925,0.00175,0.00294376,0.00236105,0.00598561,0.0181432,0.0118593,0.000863242,0.0046327,0.00620085,0.0014345,0.0137713,0.00805982,0.0102215,0.00100492,0.00973156,0.00431226,0.00327905,0.0069993,0.00228187,0.00599514,0.00105153,0.0021618,0.00125358,0.0290199,0.000720511,0.00343525,0.0190157,0.0010837,0.12869,0.00392631,0.00568674,0.00107566,0.00339261,0.00176173,0.0353241,0.00155202,0.000573694,0.0131019,0.0514351,
0.00203443,7.36679e-05,0.000457783,0,6.13136e-05,2.46927e-05,0.000368519,4.56142e-05,0.000400165,0.000325077,4.76955e-05,0.000132987,3.61684e-05,0.000185322,3.30676e-05,0.000817866,0.000257186,0.000349762,0.000716398,0.000219569,0.00251565,0.000113625,3.13878e-05,0.000221745,0.000526954,0.000155846,0.000116644,0.00029209,1.62061e-05,0.000535957,0.000318484,0.000298286,3.9525e-05,0.000148961,1.85348e-05,6.27787e-05,8.8088e-05,6.35212e-05,0.000295828,3.64153e-05,2.00239e-05,9.04259e-05,0.000307227,0.000171461,0.00124203,0.000201022,0.000106691,4.26625e-05,6.68924e-05,0.000117848,0.000219833,7.28541e-05,2.72488e-05,0.00145708,5.95727e-05,9.23796e-05,0.000162429,0.00100929,0.000647973,6.36427e-05,9.59969e-05,6.8474e-05,0.000882752,7.33494e-05,3.34688e-05,2.65137e-05,0.000118164,3.6548e-05,0.000168587,4.03592e-05,0.00214165,0.000674116,3.77311e-05,0.000106292,0.00012759,6.69302e-05,0.000110435,0.000142487,0.000169348,3.21552e-05,2.90831e-05,0.000171997,1.7884e-05,4.77802e-05,0.00022113,0.000227063,4.92779e-05,0.000441474,0.0249344,4.35157e-05,0.000197647,7.41607e-05,0.098723,4.01018e-05,0.000740149,4.06267e-05,0.0034407,8.03346e-05,0.000442915,0.000140246,2.15473e-05,3.57834e-05,0.000733746,0.000470921,3.36021e-05,0.000171516,0.000378057,0.00052503,0.000271623,0.000255674,0.000138441,5.4701e-05,8.25893e-05,6.6204e-05,0.000111374,0.000788576,0.000345271,2.545e-05,0.000132489,0.000106439,3.05947e-05,0.000204401,0.00013418,0.000236617,2.86801e-05,0.000219084,0.000162557,9.6533e-05,9.99435e-05,9.71019e-05,0.00013579,2.75324e-05,7.36124e-05,3.62436e-05,0.000605627,2.22716e-05,0.000162814,0.000422062,2.61253e-05,0.00200017,6.59585e-05,0.000145068,3.62712e-05,7.56318e-05,2.89532e-05,0.00102117,5.46539e-05,1.75648e-05,0.000350118,0.00115492,
0.0130047,0.000355632,0.00295009,6.13136e-05,0,0.000144734,0.00230195,0.000263669,0.0026947,0.00212817,0.000282527,0.000783686,0.000173073,0.00166329,0.000152583,0.0032859,0.00114345,0.00159157,0.00500517,0.00126436,0.0120735,0.000334317,0.000123114,0.00191624,0.00356337,0.000812393,0.000499008,0.00134299,9.29927e-05,0.00286373,0.00204075,0.00142831,0.000190233,0.000825397,0.000119258,0.000406762,0.000567684,0.000455765,0.00157874,0.000162357,9.71237e-05,0.000373343,0.00124271,0.00108652,0.00529745,0.00131875,0.000844042,0.000282078,0.000426623,0.000594174,0.000965895,0.000471139,0.000116183,0.00472647,0.000242366,0.000424772,0.000896409,0.00375616,0.00413646,0.000310276,0.000519514,0.000292259,0.00312279,0.000356287,0.000205817,0.000157067,0.000310509,0.000256414,0.00117457,0.00019758,0.013084,0.0043051,0.000224712,0.000497662,0.00101426,0.000255852,0.000540189,0.000865111,0.00106833,0.000166727,0.000190371,0.000691414,7.3e-05,0.000217828,0.000771362,0.00120003,0.00016004,0.00183651,0.0986983,0.000153774,0.000740114,0.000255687,0.570045,0.000161938,0.00339329,0.00018619,0.0133013,0.000321183,0.00287395,0.000775206,9.8775e-05,0.000234186,0.00296072,0.00372637,0.000121946,0.000818773,0.0023857,0.00331005,0.00189623,0.001293,0.000838555,0.000238244,0.000394158,0.000317415,0.000779044,0.00245838,0.00173965,0.000114205,0.000699433,0.000725334,0.000184092,0.00166462,0.000844713,0.00139667,0.000131788,0.00124857,0.000599167,0.000431696,0.000853932,0.000317945,0.000741981,0.000138297,0.000290036,0.000170235,0.00372573,9.53815e-05,0.000484941,0.00272752,0.000149077,0.0126867,0.000438082,0.000731111,0.000143728,0.000502231,0.000195545,0.00478319,0.000208751,7.60627e-05,0.0017617,0.00854535,
0.00467057,0.000134728,0.00106992,2.46927e-05,0.000144734,0,0.000878286,0.000101323,0.000905567,0.000744745,9.72367e-05,0.000299707,6.59323e-05,0.000640738,5.83998e-05,0.00132556,0.000446306,0.00061064,0.00186545,0.000448973,0.00454602,0.00014888,4.98193e-05,0.000547936,0.00118562,0.000294156,0.000203869,0.000512603,3.31053e-05,0.00103145,0.000686975,0.000541275,7.14379e-05,0.000297893,4.27735e-05,0.000154853,0.000189176,0.00016547,0.000611807,6.32494e-05,3.68734e-05,0.000149227,0.000498152,0.000377613,0.00209069,0.000460623,0.000317073,9.44836e-05,0.000142933,0.000220614,0.000385137,0.000164307,4.59448e-05,0.00209861,9.76229e-05,0.000163994,0.0003239,0.00154286,0.00143294,0.000116976,0.000200114,0.000115315,0.00130158,0.00013534,7.83791e-05,5.46068e-05,0.000140732,9.08529e-05,0.000403564,7.49731e-05,0.00478642,0.00144578,7.85289e-05,0.000188722,0.000381479,0.00010432,0.000204383,0.000297473,0.000359414,6.16974e-05,6.68022e-05,0.000278469,2.93156e-05,8.34802e-05,0.000322728,0.000437983,6.88607e-05,0.000760874,0.040038,6.40875e-05,0.000320011,0.00010925,0.199643,6.48559e-05,0.0013079,7.11555e-05,0.00540449,0.00012973,0.00095826,0.00027327,3.77946e-05,7.76732e-05,0.00118518,0.00140706,5.08514e-05,0.000311606,0.00079868,0.00112798,0.000651769,0.000474321,0.000290087,9.72708e-05,0.000156763,0.000119734,0.000274095,0.00105372,0.000650521,4.43675e-05,0.000253697,0.00025521,7.03631e-05,0.000629582,0.000293039,0.000483596,5.09252e-05,0.000480696,0.000260775,0.0001684,0.000326364,0.000137448,0.000269767,5.14386e-05,0.000117401,6.46173e-05,0.00141905,3.77544e-05,0.000227244,0.000956722,5.54469e-05,0.00430715,0.000150274,0.000273428,5.82522e-05,0.000164604,6.96944e-05,0.00181806,8.52424e-05,2.99384e-05,0.00065225,0.002712,
0.0780919,0.00204332,0.0181383,0.000368519,0.00230195,0.000878286,0,0.00171873,0.0140068,0.0122731,0.00141146,0.00509373,0.00100423,0.0129781,0.000833959,0.0198684,0.00674417,0.00897924,0.0333088,0.00694757,0.0673445,0.00211427,0.000738105,0.00680467,0.0173589,0.0042425,0.00304555,0.00733396,0.000513102,0.0151797,0.0108625,0.00815672,0.00105054,0.00459461,0.000716552,0.00274867,0.00275805,0.00292132,0.00998394,0.000954108,0.000563686,0.00210428,0.00739703,0.00609475,0.0313021,0.00758144,0.00602367,0.00145457,0.00216676,0.0033215,0.0056414,0.002686,0.000690813,0.0293203,0.00146963,0.00248744,0.00498964,0.0227732,0.0231493,0.00177012,0.00326112,0.00172657,0.018952,0.00207318,0.00135487,0.000825002,0.00200906,0.00152971,0.0064652,0.00115263,0.0775581,0.0217704,0.00121981,0.00275381,0.00726824,0.00154325,0.00312398,0.00451564,0.00545326,0.000945555,0.00110386,0.00416387,0.00044031,0.0012185,0.00469342,0.00662292,0.000985625,0.0113831,0.5706,0.00094498,0.00466472,0.00154775,2.97273,0.000957504,0.0197244,0.00102355,0.0799051,0.00194285,0.0150001,0.00388908,0.00055581,0.00110341,0.0174535,0.026942,0.000730173,0.00472788,0.0114906,0.0178527,0.0104419,0.00677439,0.00451032,0.00148286,0.00246665,0.00178342,0.00455572,0.0153956,0.0095352,0.000668795,0.00365195,0.00425732,0.00120936,0.0121677,0.00470533,0.00713647,0.00077336,0.00811945,0.00379181,0.00255266,0.00646361,0.00195565,0.00417027,0.000774983,0.00174878,0.000956777,0.0245411,0.000570401,0.00316216,0.014984,0.000883372,0.0682084,0.00241444,0.00418233,0.000872473,0.00235589,0.00118442,0.0269606,0.00126582,0.000451072,0.00971666,0.0384297,
0.00888843,0.00024674,0.00205203,4.56142e-05,0.000263669,0.000101323,0.00171873,0,0.00162835,0.00140342,0.000169474,0.000578599,0.000121184,0.00135008,0.000103359,0.00245522,0.000822185,0.00110246,0.00366388,0.000820413,0.00820345,0.000276426,9.18077e-05,0.000825098,0.00204613,0.000517136,0.000376408,0.000907994,6.05718e-05,0.00183343,0.00126917,0.000987956,0.000128258,0.000544718,8.1467e-05,0.000304975,0.000328029,0.000322369,0.00116233,0.000116353,6.78438e-05,0.000264585,0.000916339,0.000704898,0.00384494,0.000867189,0.000644016,0.000169989,0.000255699,0.000400426,0.000699144,0.00030852,8.47334e-05,0.0038273,0.000181105,0.000301807,0.000591991,0.002852,0.00267552,0.000213713,0.000379278,0.000212062,0.00239837,0.000249304,0.000152383,9.79116e-05,0.000264938,0.000171617,0.00073792,0.00013832,0.00892258,0.00257072,0.000143594,0.000338053,0.00077611,0.000192576,0.000375709,0.000534325,0.000644083,0.000112995,0.000126086,0.000514921,5.42797e-05,0.000149973,0.000595091,0.000793714,0.000126833,0.00141146,0.071855,0.00011903,0.000593066,0.000198718,0.355059,0.000118865,0.00239877,0.000126533,0.0099614,0.00024028,0.00175613,0.000473301,6.81896e-05,0.00013192,0.00216848,0.00287586,9.26827e-05,0.00057145,0.00137481,0.00208514,0.00119128,0.000831245,0.000530532,0.000181403,0.000294751,0.000216856,0.000513328,0.00197004,0.00116133,8.15255e-05,0.000445098,0.000481622,0.000136568,0.0012916,0.000545645,0.000852882,9.37995e-05,0.000927346,0.000483619,0.000310666,0.000678756,0.000252245,0.000494574,9.344e-05,0.000217007,0.000116817,0.00275964,6.98148e-05,0.00042154,0.00173403,0.000102972,0.00796446,0.000277952,0.000501447,0.000108007,0.000280895,0.00013344,0.00329086,0.000157764,5.51979e-05,0.00117585,0.00453568,
0.101421,0.00248269,0.0219392,0.000400165,0.0026947,0.000905567,0.0140068,0.00162835,0,0.0183245,0.00198072,0.00481372,0.00120234,0.00874153,0.000968668,0.0214007,0.00770482,0.0106775,0.0301413,0.0102363,0.082733,0.00201585,0.000799693,0.0118921,0.0228543,0.00541926,0.00307447,0.00868243,0.000749295,0.0199963,0.0216287,0.00992155,0.00129193,0.00635354,0.000932415,0.00245107,0.00418876,0.00304221,0.00979796,0.00109595,0.000678588,0.00235088,0.00813852,0.00993718,0.0352411,0.0114086,0.00494073,0.00246468,0.00388925,0.00421468,0.00600694,0.00417859,0.000771833,0.0283454,0.00157909,0.0028996,0.00686861,0.0240985,0.0382788,0.00217515,0.00322526,0.0019447,0.0197668,0.00248866,0.00125479,0.00124567,0.00185725,0.00172948,0.0081666,0.00138304,0.0824031,0.0366479,0.00194688,0.00332496,0.00590823,0.00165144,0.00379212,0.00724709,0.00975892,0.00121236,0.00162046,0.00451188,0.000477441,0.00144903,0.00486878,0.0087517,0.000987076,0.0112672,0.626578,0.000975334,0.00446474,0.00157598,4.2254,0.00105926,0.0231642,0.00121475,0.0860851,0.00208957,0.0303364,0.00508246,0.00066377,0.00149615,0.0193521,0.0218129,0.000766847,0.00568583,0.0167997,0.0333301,0.0130253,0.00835325,0.00762789,0.00147067,0.00244965,0.00218766,0.00524912,0.0152854,0.0110196,0.000773035,0.00446847,0.00553294,0.00112705,0.00951065,0.00781331,0.010209,0.000898869,0.00774869,0.00360617,0.00291141,0.0046383,0.00195064,0.00563102,0.000980015,0.00188428,0.00115935,0.0227114,0.000632878,0.00281926,0.0174545,0.000937771,0.129909,0.00378587,0.005221,0.000931845,0.00357041,0.00150548,0.0326037,0.0013459,0.000507816,0.0123312,0.0548972,
0.0914849,0.00203908,0.019834,0.000325077,0.00212817,0.000744745,0.0122731,0.00140342,0.0183245,0,0.00151492,0.00413354,0.00099131,0.008454,0.000735507,0.0174426,0.00631042,0.00849144,0.02637,0.0087313,0.0661386,0.00159343,0.000646137,0.00702885,0.0165672,0.00412745,0.00246062,0.00665171,0.000639629,0.0157171,0.0201051,0.00809621,0.0010225,0.00535446,0.0008432,0.00216408,0.00323909,0.00271828,0.00822636,0.000896261,0.000561365,0.0018052,0.00658185,0.00903907,0.02866,0.0103755,0.00456549,0.00210469,0.00325292,0.00343291,0.00469437,0.00380739,0.000629951,0.0221822,0.00129087,0.00238174,0.00577732,0.0194403,0.0349377,0.00178247,0.00269571,0.00158155,0.0157981,0.00206223,0.00108725,0.00102734,0.00147422,0.00146832,0.00666832,0.00114956,0.0670198,0.0302429,0.00169016,0.00261142,0.00546865,0.00133367,0.00313739,0.00605821,0.00816994,0.00100798,0.0014741,0.00367061,0.000389636,0.00114186,0.00388903,0.00716999,0.000781625,0.00907804,0.489606,0.000787132,0.00357216,0.00123853,3.38497,0.000852298,0.018931,0.00093856,0.0694656,0.00170219,0.0278912,0.00375472,0.000527612,0.00105728,0.0155348,0.0206081,0.000606394,0.00467164,0.0126526,0.0306089,0.0105825,0.00626091,0.00670148,0.0011976,0.00202537,0.00176113,0.00439463,0.012275,0.00841077,0.000631724,0.00332893,0.0048786,0.000975666,0.00890742,0.00709984,0.00804963,0.000739071,0.0066754,0.00288594,0.0023904,0.00439453,0.00153945,0.00474578,0.000798954,0.00152902,0.000927594,0.0196879,0.000518446,0.00221806,0.0136274,0.000758933,0.119866,0.00335292,0.00432664,0.000759264,0.00266898,0.00137107,0.0261396,0.00109028,0.000415054,0.00990516,0.038099,
0.00890805,0.000268826,0.00196562,4.76955e-05,0.000282527,9.72367e-05,0.00141146,0.000169474,0.00198072,0.00151492,0,0.000500942,0.000130343,0.000759687,0.000120584,0.00254226,0.00087123,0.00124035,0.00295443,0.000949475,0.00929417,0.000283668,9.67596e-05,0.0014448,0.0025663,0.000626161,0.000377649,0.00106542,6.96846e-05,0.00218255,0.00160231,0.00108621,0.000147049,0.000616659,8.15297e-05,0.000243557,0.000427358,0.000279389,0.00106798,0.000123919,7.28468e-05,0.00030763,0.00097173,0.000804376,0.00408795,0.000940844,0.000449078,0.000213074,0.000333991,0.000450575,0.000744936,0.000341129,8.92332e-05,0.00402992,0.00018633,0.000321803,0.000669996,0.00297918,0.00306757,0.00023488,0.000351375,0.000225512,0.00252918,0.000266656,0.000128255,0.00011909,0.000266889,0.000166197,0.000803018,0.00014729,0.00879366,0.00330722,0.000170621,0.000388221,0.000536312,0.000201889,0.000405147,0.000661672,0.000837992,0.000124693,0.000134742,0.000536522,5.62819e-05,0.000170623,0.000626618,0.000905664,0.000133378,0.00139136,0.0810075,0.000122741,0.000580777,0.000214412,0.430937,0.0001275,0.00258626,0.000147279,0.0104922,0.000248831,0.0022684,0.000594879,7.68895e-05,0.000172821,0.00233872,0.00195653,0.000100074,0.000619005,0.00179783,0.00256279,0.00129209,0.00100435,0.000643678,0.00017645,0.000280322,0.000243498,0.000511281,0.00201587,0.00131417,8.71998e-05,0.000532717,0.000491564,0.00011585,0.000854046,0.000630638,0.00105528,9.97158e-05,0.000808505,0.000472055,0.000327692,0.000412561,0.0002663,0.000552398,0.000104851,0.000226427,0.000131446,0.00232028,7.28294e-05,0.00041082,0.00188064,0.000102653,0.00985938,0.000318578,0.000547709,0.000111392,0.000377311,0.000130523,0.00369069,0.000163986,5.82299e-05,0.00134447,0.00620121,
0.0262181,0.000723629,0.00605897,0.000132987,0.000783686,0.000299707,0.00509373,0.000578599,0.00481372,0.00413354,0.000500942,0,0.000355303,0.00404097,0.000303462,0.00715834,0.00240538,0.00323021,0.0108968,0.0024127,0.0240705,0.000796208,0.000267477,0.00249096,0.00608868,0.00152336,0.00110034,0.00266503,0.000178128,0.0053989,0.00371402,0.0028971,0.000376482,0.0016018,0.000240314,0.000904913,0.000971325,0.000957242,0.00342663,0.000340439,0.000198983,0.000774433,0.00267271,0.00207145,0.0112344,0.00255412,0.00192064,0.000501226,0.00075245,0.00117596,0.00204682,0.000907768,0.000247561,0.0110796,0.000528254,0.000883872,0.00174077,0.00829264,0.00786129,0.000626966,0.00111873,0.000619631,0.00696178,0.000731225,0.00045143,0.000288443,0.000758986,0.000509696,0.00219124,0.000405786,0.0264293,0.0075795,0.000422004,0.000991758,0.00231498,0.000560516,0.00110218,0.00157319,0.00189457,0.000331937,0.000371449,0.00150135,0.000158344,0.000439583,0.00172642,0.00233342,0.000366992,0.00412107,0.209814,0.000345379,0.00172382,0.000576869,1.04689,0.00034674,0.00702484,0.000371225,0.029007,0.000700428,0.00514243,0.00139794,0.000199843,0.000392285,0.00632625,0.00857004,0.000269486,0.00167539,0.00407314,0.00610972,0.00353874,0.00244786,0.00155788,0.000530631,0.000865311,0.00063615,0.00152478,0.00568705,0.00341809,0.000238589,0.00131264,0.00142488,0.000404272,0.00385502,0.00160274,0.00251776,0.000274694,0.00273973,0.00140472,0.000909038,0.00202938,0.000730273,0.00145408,0.000274378,0.00063228,0.000342535,0.00817541,0.000203999,0.00121351,0.00514691,0.000304311,0.0233276,0.000819495,0.00147214,0.000314742,0.000833633,0.000394162,0.00964825,0.000459141,0.000161351,0.00345435,0.0135506,
0.00596358,0.000188283,0.0013292,3.61684e-05,0.000173073,6.59323e-05,0.00100423,0.000121184,0.00120234,0.00099131,0.000130343,0.000355303,0,0.000567853,8.25448e-05,0.00193353,0.0006341,0.000873367,0.00203019,0.000621008,0.00640493,0.000242237,7.37389e-05,0.000661164,0.00147016,0.000404809,0.000282224,0.000730408,4.57155e-05,0.00141667,0.00103129,0.000759869,0.00010059,0.000409376,5.45291e-05,0.000173103,0.000251457,0.00018694,0.000765202,8.99341e-05,5.12446e-05,0.000220375,0.000730887,0.000525218,0.0030149,0.000614394,0.000317068,0.000130393,0.000204317,0.00030687,0.000537676,0.000223037,6.60456e-05,0.00327322,0.000141416,0.000231007,0.000445156,0.00232147,0.00199919,0.000163388,0.000249454,0.000166263,0.00199943,0.000187779,9.06783e-05,7.52091e-05,0.000240347,0.000106297,0.00049068,0.000103642,0.00580243,0.00201142,0.000110392,0.000267685,0.000379532,0.000155588,0.000283761,0.000414972,0.000515381,8.50206e-05,8.83759e-05,0.000407028,4.25434e-05,0.000119301,0.000498199,0.000604702,0.000108779,0.00105853,0.059756,9.79673e-05,0.00046003,0.00016909,0.271935,9.56181e-05,0.00185051,0.000101538,0.00803925,0.00018957,0.0014389,0.000369066,5.3937e-05,9.8438e-05,0.0017523,0.00140269,7.75439e-05,0.000436152,0.0010559,0.00165669,0.000788302,0.000654859,0.000414286,0.000132841,0.000206186,0.000168633,0.000322963,0.00169243,0.000879038,6.30435e-05,0.00034227,0.000317544,8.23157e-05,0.000611879,0.000411264,0.000653812,7.16785e-05,0.000579683,0.000376576,0.000238434,0.000301763,0.00021598,0.000369908,7.15861e-05,0.000172921,9.156e-05,0.00164106,5.40103e-05,0.000354208,0.00116591,6.91396e-05,0.00636693,0.000201993,0.000378137,8.52631e-05,0.000215525,8.65862e-05,0.00257762,0.000126824,4.28392e-05,0.000908596,0.0033174,
0.0569061,0.00114437,0.0137519,0.000185322,0.00166329,0.000640738,0.0129781,0.00135008,0.00874153,0.008454,0.000759687,0.00404097,0.000567853,0,0.000396584,0.0101358,0.00365549,0.00455656,0.0297721,0.00412578,0.035485,0.00072959,0.000359391,0.00281266,0.0104639,0.00216556,0.00158852,0.00348827,0.000306184,0.00815472,0.00609423,0.00448256,0.000544361,0.00272761,0.000523918,0.00239666,0.00151965,0.00250944,0.00711916,0.000514993,0.00032295,0.000913624,0.00367614,0.00389003,0.0162838,0.00520449,0.0059609,0.000861634,0.00119509,0.00184507,0.00281625,0.00179384,0.00036386,0.0101148,0.000763906,0.00137632,0.00295435,0.0106896,0.01475,0.000987862,0.00232957,0.000898508,0.00827546,0.00119495,0.00111902,0.000469512,0.000647825,0.0012174,0.0046587,0.00067219,0.0567159,0.0122074,0.000717073,0.00138567,0.00722818,0.000739052,0.00179213,0.00256024,0.00300115,0.000551359,0.00076744,0.00210861,0.000227492,0.000607055,0.00202454,0.00375115,0.000382272,0.00587226,0.248915,0.000430618,0.0020628,0.000602556,1.65995,0.000467527,0.0107296,0.000492585,0.0383984,0.000986569,0.00824894,0.00197161,0.000282906,0.000606467,0.00845932,0.0267378,0.000308654,0.00264377,0.00617719,0.0103241,0.00755947,0.00335056,0.00260818,0.000828315,0.00155782,0.000952012,0.0035473,0.00632249,0.00510243,0.000360978,0.00189152,0.00318009,0.000983368,0.0123698,0.00294815,0.00394514,0.00042932,0.00629893,0.00164279,0.00139879,0.0068486,0.000743423,0.00249176,0.000430832,0.00086773,0.000499885,0.0202861,0.000305311,0.000937197,0.0103707,0.000611304,0.0391648,0.00158974,0.00241681,0.000441567,0.00126891,0.000899735,0.0141267,0.000613384,0.00024033,0.00526443,0.0220637,
0.00461388,0.000169519,0.00103739,3.30676e-05,0.000152583,5.83998e-05,0.000833959,0.000103359,0.000968668,0.000735507,0.000120584,0.000303462,8.25448e-05,0.000396584,0,0.00175729,0.000575786,0.000831802,0.00165052,0.00051141,0.00598932,0.000223646,6.79926e-05,0.000680717,0.00138265,0.000393713,0.000267982,0.000746627,3.76956e-05,0.00131608,0.000702215,0.000690426,9.54741e-05,0.000347397,4.20168e-05,0.000141902,0.000223463,0.000146124,0.000676286,8.18403e-05,4.57172e-05,0.000238971,0.000675136,0.000385834,0.00276576,0.000455065,0.000238044,0.000101502,0.000158155,0.000277265,0.000528102,0.000164285,6.02263e-05,0.00334745,0.0001281,0.000208767,0.000379068,0.00212735,0.00145555,0.000147334,0.000221017,0.000152525,0.00186483,0.000167175,7.63105e-05,6.36139e-05,0.00020682,8.71259e-05,0.000414354,9.18763e-05,0.00513785,0.00162528,8.71893e-05,0.000259415,0.000284242,0.000142992,0.000252866,0.000338956,0.000399074,7.45995e-05,6.58197e-05,0.000371204,3.86556e-05,0.00011579,0.000463858,0.000536904,0.000103339,0.00099715,0.0622923,8.84974e-05,0.000437403,0.000171662,0.241104,8.92476e-05,0.00168407,0.000102355,0.00741852,0.000172341,0.000987921,0.000362696,5.13597e-05,9.50425e-05,0.00164247,0.00103771,7.65201e-05,0.000392973,0.000971883,0.00116925,0.000669465,0.000657397,0.000317584,0.00012323,0.000187017,0.000156081,0.000268153,0.00148736,0.000857934,5.74243e-05,0.000338091,0.000247518,6.95551e-05,0.000451144,0.000301865,0.000585942,6.46941e-05,0.000495273,0.000357522,0.000215746,0.000217755,0.000210012,0.000315519,6.46547e-05,0.000158037,8.58173e-05,0.00138038,4.89759e-05,0.000336204,0.00104996,6.23231e-05,0.00443816,0.000152775,0.000334843,7.73876e-05,0.000196667,6.58717e-05,0.0024087,0.000115689,3.90032e-05,0.00083577,0.00315598,
0.109284,0.00393617,0.024615,0.000817866,0.0032859,0.00132556,0.0198684,0.00245522,0.0214007,0.0174426,0.00254226,0.00715834,0.00193353,0.0101358,0.00175729,0,0.0137502,0.018627,0.03867,0.0117415,0.134108,0.00608523,0.00167775,0.0117467,0.0281267,0.008296,0.00625288,0.0155152,0.000866717,0.0285744,0.0170412,0.0159276,0.00210591,0.00796516,0.000995753,0.00338775,0.0046976,0.00342539,0.0158962,0.00194632,0.00107071,0.00478673,0.016414,0.00918788,0.0663655,0.0107852,0.00578999,0.00228051,0.00357161,0.00629174,0.0117469,0.00390702,0.00145705,0.0777117,0.0031897,0.00493863,0.00868472,0.0539889,0.0347229,0.00339955,0.00515717,0.00365874,0.0471756,0.00392283,0.00180312,0.00141598,0.00634229,0.00196465,0.00903632,0.00215902,0.114917,0.0359918,0.00201781,0.00565884,0.00692623,0.00357913,0.00590459,0.00761077,0.00904221,0.00171902,0.00156081,0.00920227,0.000957145,0.00254342,0.0118193,0.0121267,0.00263314,0.0236872,1.32327,0.00233022,0.0106142,0.0039488,5.26852,0.0021394,0.03954,0.00215932,0.183918,0.00429979,0.023686,0.00746339,0.00114763,0.00190707,0.0391078,0.0255782,0.00179054,0.00916556,0.0201477,0.0280978,0.0145596,0.0135978,0.00740316,0.00293584,0.0044343,0.00353089,0.00598242,0.0422677,0.018425,0.00135994,0.00705825,0.00571674,0.00164783,0.0111129,0.0071879,0.0126225,0.00153349,0.01179,0.00873205,0.00516267,0.0054495,0.00518443,0.00726226,0.00147,0.00393802,0.00193175,0.0326289,0.00119163,0.00875076,0.0226028,0.00140095,0.107041,0.00353387,0.00775517,0.00194184,0.00403033,0.00155697,0.054433,0.00292461,0.000939194,0.0186769,0.0615499,
0.038657,0.00129494,0.00865896,0.000257186,0.00114345,0.000446306,0.00674417,0.000822185,0.00770482,0.00631042,0.00087123,0.00240538,0.0006341,0.00365549,0.000575786,0.0137502,0,0.00607862,0.013422,0.00408032,0.0441701,0.00180241,0.000526028,0.00426789,0.00975744,0.00276951,0.00199537,0.00508824,0.00030073,0.00960792,0.00638026,0.00523498,0.000694022,0.002725,0.000352935,0.00115719,0.00164828,0.00121432,0.00525079,0.000627891,0.00035217,0.00155543,0.00518718,0.00333264,0.0212103,0.00390709,0.00205887,0.000828535,0.00129721,0.00209363,0.00378408,0.0014166,0.000464807,0.0239189,0.00100392,0.00160392,0.00296688,0.0167038,0.0126458,0.0011216,0.00170846,0.00116955,0.0144892,0.00129024,0.000610429,0.000493718,0.00182068,0.000693357,0.00319638,0.000711141,0.0390288,0.0129109,0.000714271,0.00185635,0.00246392,0.00111467,0.00194666,0.00269151,0.0032769,0.000575873,0.000563523,0.00289355,0.000301753,0.000830548,0.00361813,0.00408375,0.000797616,0.00751355,0.424328,0.000710992,0.00331068,0.00122588,1.80971,0.000678502,0.0128527,0.000707206,0.0574818,0.00134918,0.00889038,0.00251138,0.000374969,0.000657235,0.0124329,0.00910103,0.000558674,0.00300633,0.00699132,0.010366,0.00514248,0.00451237,0.0026533,0.000937213,0.00143665,0.00116245,0.00210901,0.0125226,0.00607416,0.000439605,0.00234953,0.00204464,0.000555673,0.00396476,0.00260823,0.0043463,0.000497776,0.00393903,0.00271576,0.00166427,0.00195158,0.00158022,0.00247206,0.000488714,0.00123319,0.000633692,0.0110467,0.000379961,0.00262523,0.00777403,0.00046973,0.0396861,0.00128324,0.00257765,0.000607795,0.00141463,0.000556985,0.0178455,0.000909053,0.000300682,0.00621069,0.0217447,
0.0519507,0.00179017,0.0116012,0.000349762,0.00159157,0.00061064,0.00897924,0.00110246,0.0106775,0.00849144,0.00124035,0.00323021,0.000873367,0.00455656,0.000831802,0.018627,0.00607862,0,0.0178562,0.0056139,0.0620598,0.00238821,0.000717608,0.00652605,0.0139765,0.00396251,0.00273685,0.0073485,0.000413521,0.0135754,0.00858163,0.00726535,0.000979953,0.00375659,0.000473989,0.00153471,0.00234092,0.00161759,0.00710801,0.00086333,0.000484569,0.00228712,0.00711276,0.00449635,0.0291473,0.0052592,0.00266361,0.00114363,0.00179585,0.0029154,0.00529646,0.0019075,0.000635828,0.0333534,0.00135842,0.00220532,0.0040922,0.022581,0.017047,0.00155405,0.0023183,0.00160737,0.019662,0.00177338,0.000816592,0.000687486,0.00232661,0.000942797,0.00442411,0.00097612,0.0536521,0.0179806,0.000978922,0.00263443,0.00318316,0.00151329,0.00268078,0.00373334,0.0045333,0.000794904,0.000757987,0.00392952,0.000409424,0.00117767,0.00489883,0.00568109,0.00108064,0.0102374,0.611579,0.000949459,0.00448331,0.00171928,2.54131,0.000938751,0.0177493,0.00101602,0.0783256,0.00182712,0.0120122,0.00361906,0.000529009,0.000949756,0.0172968,0.0116994,0.000778849,0.00415064,0.00999743,0.0139869,0.00712357,0.00650436,0.00362636,0.00127378,0.00194929,0.00162718,0.00288314,0.0163669,0.0085989,0.000605478,0.00336485,0.00276571,0.000743701,0.00508303,0.00352219,0.0061334,0.000683725,0.00528317,0.00366983,0.00227993,0.00246948,0.00216261,0.003404,0.000680148,0.00167349,0.000890272,0.0147747,0.000517955,0.00349073,0.0108559,0.000646796,0.0534786,0.00174547,0.0035562,0.000821358,0.00202822,0.000745833,0.0250438,0.00122843,0.000411752,0.00870437,0.0316224,
0.167833,0.00413448,0.0391221,0.000716398,0.00500517,0.00186545,0.0333088,0.00366388,0.0301413,0.02637,0.00295443,0.0108968,0.00203019,0.0297721,0.00165052,0.03867,0.013422,0.0178562,0,0.0145303,0.135549,0.00375837,0.00142599,0.0152729,0.0374,0.00864711,0.00593188,0.0145305,0.0010728,0.0311791,0.0229897,0.0164604,0.00211281,0.00955018,0.00154153,0.00600233,0.00586651,0.00645067,0.020843,0.00189925,0.00114323,0.00406007,0.0143894,0.0129763,0.0616671,0.0162918,0.013576,0.00311109,0.00459182,0.00676739,0.0110327,0.00575042,0.00136199,0.0525892,0.00286984,0.00498673,0.0103629,0.0434874,0.0493314,0.0035869,0.00682443,0.00340197,0.0356542,0.00420743,0.00292559,0.00173028,0.00349966,0.00335645,0.0141008,0.00234418,0.165878,0.046205,0.00256282,0.00549885,0.0163943,0.00296475,0.00634556,0.00950553,0.0115336,0.00194177,0.00237293,0.00810177,0.000860159,0.00241983,0.00880057,0.0136201,0.00180486,0.0220145,1.09263,0.001785,0.00868742,0.00285684,6.20337,0.00185972,0.0394776,0.00202879,0.153834,0.00377693,0.0317936,0.00801007,0.00110693,0.00235407,0.0338806,0.0606656,0.00137251,0.00954703,0.0243324,0.0377627,0.0227893,0.0136922,0.00949079,0.00291753,0.00499656,0.00359248,0.00998153,0.0282922,0.0192975,0.00133283,0.00745227,0.00925618,0.00260021,0.0275457,0.00999797,0.0149443,0.00155057,0.0172558,0.00702417,0.00508913,0.0147405,0.0035717,0.00865178,0.00157806,0.00338593,0.00191747,0.0529984,0.00112665,0.00543754,0.0322389,0.00186083,0.144338,0.00519137,0.00854271,0.00169284,0.00503607,0.00257014,0.0540188,0.00243352,0.00089248,0.0197575,0.0840449,
0.0488612,0.00127767,0.0105962,0.000219569,0.00126436,0.000448973,0.00694757,0.000820413,0.0102363,0.0087313,0.000949475,0.0024127,0.000621008,0.00412578,0.00051141,0.0117415,0.00408032,0.0056139,0.0145303,0,0.0426413,0.0012547,0.000442226,0.0049287,0.0105305,0.00271434,0.00168702,0.00457676,0.000365396,0.00992766,0.0102443,0.00511763,0.000665547,0.00312971,0.000448637,0.00120764,0.00196124,0.00144659,0.00502383,0.000579701,0.000349036,0.00130392,0.004453,0.00474563,0.0189261,0.00543169,0.00234803,0.00115911,0.00184862,0.00213567,0.0032494,0.00199231,0.00041466,0.017399,0.000863366,0.00151802,0.00338713,0.013567,0.0182492,0.00111533,0.0016453,0.00104413,0.0113615,0.00127989,0.00062341,0.000600496,0.00119481,0.000816233,0.00381282,0.000709844,0.0402258,0.0173536,0.000939379,0.00173209,0.00280731,0.000921273,0.00194469,0.00347465,0.00465153,0.00060968,0.000772728,0.00247391,0.000260535,0.000762374,0.00281244,0.00436699,0.000589989,0.00625564,0.351257,0.000558748,0.00258998,0.000932765,2.04816,0.000580477,0.0121322,0.00064009,0.0478492,0.00114831,0.0143222,0.00249148,0.000348051,0.000692169,0.0106147,0.0103996,0.00044125,0.00293769,0.00788813,0.0158563,0.00607727,0.0042403,0.00366319,0.000802688,0.00129695,0.0011277,0.00247076,0.00913099,0.00563272,0.000407934,0.00223556,0.00262298,0.000562834,0.00451496,0.00373269,0.00491056,0.000470775,0.0039159,0.00210583,0.00153931,0.00219624,0.00116979,0.00278715,0.000497245,0.00104017,0.000602152,0.0112837,0.000339711,0.00180379,0.00828834,0.000466552,0.0617078,0.00178974,0.00265022,0.000513825,0.00165075,0.000718357,0.0169487,0.000750932,0.000271375,0.00625071,0.0244468,
0.399366,0.0131357,0.0888892,0.00251565,0.0120735,0.00454602,0.0673445,0.00820345,0.082733,0.0661386,0.00929417,0.0240705,0.00640493,0.035485,0.00598932,0.134108,0.0441701,0.0620598,0.135549,0.0426413,0,0.0167469,0.0051447,0.0504272,0.105625,0.0290822,0.019723,0.0529414,0.00313833,0.100471,0.0682036,0.0531956,0.00714633,0.0282567,0.00364798,0.0115525,0.0178224,0.0124389,0.0524217,0.00627275,0.00356123,0.0162072,0.0511013,0.0350838,0.210619,0.0409935,0.020537,0.00891304,0.0140011,0.0214977,0.0381446,0.0148784,0.00459958,0.233451,0.00979483,0.0160887,0.0307511,0.161327,0.133327,0.0114142,0.0171174,0.0116156,0.139609,0.0130377,0.00611182,0.00522386,0.0162699,0.00722275,0.0339098,0.00718553,0.401338,0.139033,0.00752169,0.0191142,0.0245501,0.0108316,0.0197239,0.0286303,0.0353023,0.00590158,0.00589686,0.0282794,0.00295192,0.00851645,0.034753,0.0422327,0.00761194,0.0736564,4.33439,0.00676531,0.0319788,0.0120886,19.1056,0.00672422,0.129307,0.00732809,0.560799,0.0131485,0.0955547,0.0266955,0.0038323,0.00713965,0.123643,0.0902765,0.00551078,0.0304142,0.0755193,0.110224,0.0545475,0.047402,0.0280767,0.00920842,0.0142189,0.0118882,0.0220669,0.115723,0.0627675,0.00440117,0.0246606,0.0213756,0.00555477,0.0392831,0.0274893,0.0461563,0.0049886,0.0392685,0.0261496,0.0165848,0.0191367,0.0152118,0.0255326,0.00501315,0.0120189,0.00647825,0.110587,0.00375146,0.0244908,0.0817495,0.0048002,0.422654,0.0136122,0.0262793,0.00590737,0.0154325,0.00576924,0.182212,0.00880121,0.0029835,0.0640344,0.241418,
0.0106305,0.000489952,0.00241119,0.000113625,0.000334317,0.00014888,0.00211427,0.000276426,0.00201585,0.00159343,0.000283668,0.000796208,0.000242237,0.00072959,0.000223646,0.00608523,0.00180241,0.00238821,0.00375837,0.0012547,0.0167469,0,0.000235196,0.00108042,0.00295961,0.00100111,0.000826058,0.00197602,9.29784e-05,0.00337145,0.00143285,0.00199127,0.000262901,0.000889728,9.61031e-05,0.000350255,0.000487165,0.000313596,0.00188542,0.000254497,0.000133005,0.000630411,0.0022608,0.000847209,0.00889002,0.000981441,0.000487711,0.000210699,0.000335338,0.000761797,0.00153221,0.000356981,0.000195665,0.0113969,0.000440696,0.00063442,0.000974267,0.00779126,0.00315713,0.000420385,0.000606912,0.000489899,0.00693865,0.000486982,0.000194474,0.00015027,0.00105943,0.000187287,0.000874385,0.000266728,0.0125845,0.0035014,0.00020439,0.000716431,0.000580487,0.000509127,0.000729225,0.000775095,0.000856283,0.000203561,0.000143266,0.00127769,0.000131918,0.000325973,0.00175061,0.00142038,0.000399129,0.00316768,0.17901,0.000345967,0.00147514,0.00057157,0.583986,0.000293176,0.00507924,0.000275641,0.0259745,0.000599248,0.00197648,0.000879919,0.000146651,0.00020681,0.00533916,0.00213623,0.000255821,0.00114929,0.00216297,0.00248524,0.00141363,0.00166949,0.000723032,0.000385786,0.000558895,0.000440917,0.000575399,0.0066662,0.00227089,0.000177041,0.000852705,0.000531367,0.000180482,0.000904746,0.000664439,0.0013888,0.000197147,0.00133957,0.00122101,0.000674983,0.000420936,0.000776478,0.000821906,0.000178388,0.000552356,0.000243881,0.00351796,0.000159886,0.00132631,0.00240302,0.000160448,0.00930674,0.000321478,0.000937929,0.000272005,0.000417018,0.000143684,0.00688096,0.000417109,0.000125022,0.0022701,0.00612396,
0.00405802,0.00015021,0.000913071,3.13878e-05,0.000123114,4.98193e-05,0.000738105,9.18077e-05,0.000799693,0.000646137,9.67596e-05,0.000267477,7.37389e-05,0.000359391,6.79926e-05,0.00167775,0.000526028,0.000717608,0.00142599,0.000442226,0.0051447,0.000235196,0,0.000447619,0.00106428,0.000318466,0.000238286,0.000600817,3.26461e-05,0.00109131,0.000630364,0.00060887,8.08808e-05,0.000301037,3.6949e-05,0.000125427,0.000177683,0.000126015,0.000598379,7.44943e-05,4.07877e-05,0.000187225,0.000631183,0.000341187,0.00254613,0.000399486,0.000209751,8.51353e-05,0.000133697,0.000240017,0.000450194,0.000144836,5.58207e-05,0.00301585,0.000122106,0.000188684,0.00032838,0.00207741,0.00128818,0.000129747,0.000194124,0.000140368,0.00182155,0.000149372,6.71366e-05,5.34541e-05,0.00024497,7.28751e-05,0.00033724,8.21376e-05,0.00431571,0.00135116,7.56849e-05,0.000217942,0.000250718,0.000137669,0.000224876,0.000286334,0.000338634,6.52819e-05,5.78188e-05,0.000352957,3.66676e-05,9.80746e-05,0.000456448,0.000461123,0.000101941,0.000901784,0.0515714,8.96397e-05,0.000404527,0.000153561,0.199863,8.25088e-05,0.00151304,8.35175e-05,0.00707705,0.000164828,0.000876775,0.000286227,4.4192e-05,7.25161e-05,0.00151115,0.000924635,6.94412e-05,0.000349861,0.000765073,0.00104248,0.000543503,0.000523767,0.000276965,0.000111552,0.000167862,0.00013532,0.000222347,0.00162976,0.000705082,5.206e-05,0.000270625,0.000211844,6.14417e-05,0.000400577,0.000267085,0.000479023,5.85712e-05,0.000441264,0.000332766,0.000197332,0.000194939,0.000200916,0.000274636,5.60802e-05,0.00015119,7.42016e-05,0.0012148,4.55899e-05,0.00033507,0.000850387,5.28287e-05,0.00396698,0.000131247,0.000294987,7.44265e-05,0.000152691,5.7529e-05,0.00209063,0.00011235,3.59611e-05,0.000713984,0.00232795,
0.0423687,0.0013844,0.00939353,0.000221745,0.00191624,0.000547936,0.00680467,0.000825098,0.0118921,0.00702885,0.0014448,0.00249096,0.000661164,0.00281266,0.000680717,0.0117467,0.00426789,0.00652605,0.0152729,0.0049287,0.0504272,0.00108042,0.000447619,0,0.0200199,0.00391421,0.00181021,0.00593346,0.000360581,0.0131802,0.00647815,0.00564482,0.000813889,0.00324779,0.000386965,0.00116614,0.00296304,0.00143493,0.00533917,0.00061028,0.00036988,0.00151906,0.00457953,0.00360853,0.019763,0.0043721,0.00203977,0.00118871,0.00177923,0.00243434,0.00384393,0.00155307,0.000428092,0.0156104,0.000861584,0.00160254,0.00353886,0.0133672,0.0136458,0.00122399,0.00179579,0.00109072,0.0110702,0.00134951,0.000635151,0.00068326,0.000960447,0.00097595,0.00520419,0.000743544,0.0523471,0.0191543,0.000849926,0.00212862,0.00241955,0.000919558,0.00206843,0.00365977,0.00440069,0.000653557,0.000626929,0.00249088,0.0002621,0.000910905,0.00271997,0.00497758,0.00054697,0.00641166,0.380766,0.000533156,0.00246641,0.000894173,2.62518,0.000604575,0.0130026,0.000809784,0.0481785,0.0011474,0.00965521,0.00404058,0.000407146,0.00137151,0.0111169,0.00840912,0.000440606,0.00316078,0.0129059,0.0108479,0.00846252,0.0062619,0.00309295,0.000824855,0.00135364,0.00130272,0.00310908,0.00820266,0.00792229,0.000432056,0.00345893,0.0025897,0.000568542,0.00369358,0.00281966,0.00673019,0.000495166,0.00391478,0.00197458,0.00160241,0.00167467,0.00108432,0.00288704,0.000563949,0.00104287,0.000701038,0.0114762,0.000347458,0.00145921,0.0126792,0.000593006,0.0410468,0.0016215,0.00284125,0.000510113,0.00281274,0.000631044,0.0195718,0.000742691,0.00028145,0.00747162,0.0532163,
